('HSE =', 25, 'MHz')
sys :  M      N     P     Q : VCO_IN VCO_OUT   PLLCK PLL48CK
 25 : 24  192.0  8.00  4.00 :   1.00  200.00   24.00   48.00
 26 : 24  192.0  8.00  4.00 :   1.00  200.00   24.00   48.00
 27 : 24  192.0  8.00  4.00 :   1.00  200.00   24.00   48.00
 28 : 24  192.0  8.00  4.00 :   1.00  200.00   24.00   48.00
 29 : 22  198.0  8.00  4.00 :   1.00  225.00   24.00   49.00
 30 : 22  198.0  8.00  5.00 :   1.00  225.00   24.00   39.00
 31 : 22  198.0  8.00  5.00 :   1.00  225.00   24.00   39.00
 32 : 20  200.0  8.00  5.00 :   1.00  250.00   25.00   40.00
 33 : 20  200.0  8.00  5.00 :   1.00  250.00   25.00   40.00
 34 : 24  192.0  6.00  4.00 :   1.00  200.00   32.00   48.00
 35 : 24  192.0  6.00  4.00 :   1.00  200.00   32.00   48.00
 36 : 24  192.0  6.00  4.00 :   1.00  200.00   32.00   48.00
 37 : 24  192.0  6.00  4.00 :   1.00  200.00   32.00   48.00
 38 : 22  198.0  6.00  4.00 :   1.00  225.00   33.00   49.00
 39 : 22  198.0  6.00  4.00 :   1.00  225.00   33.00   49.00
 40 : 22  198.0  6.00  5.00 :   1.00  225.00   33.00   39.00
 41 : 22  198.0  6.00  5.00 :   1.00  225.00   33.00   39.00
 42 : 20  200.0  6.00  5.00 :   1.00  250.00   33.00   40.00
 43 : 20  200.0  6.00  5.00 :   1.00  250.00   33.00   40.00
 44 : 20  200.0  6.00  5.00 :   1.00  250.00   33.00   40.00
 45 : 20  200.0  6.00  5.00 :   1.00  250.00   33.00   40.00
 46 : 18  198.0  6.00  5.00 :   1.00  275.00   33.00   39.00
 47 : 18  198.0  6.00  5.00 :   1.00  275.00   33.00   39.00
 48 : 18  198.0  6.00  6.00 :   1.00  275.00   33.00   33.00
 49 : 18  198.0  6.00  6.00 :   1.00  275.00   33.00   33.00
 50 : 24  192.0  4.00  4.00 :   1.00  200.00   48.00   48.00
 51 : 24  192.0  4.00  4.00 :   1.00  200.00   48.00   48.00
 52 : 24  192.0  4.00  4.00 :   1.00  200.00   48.00   48.00
 53 : 24  192.0  4.00  4.00 :   1.00  200.00   48.00   48.00
 54 : 24  192.0  4.00  4.00 :   1.00  200.00   48.00   48.00
 55 : 24  192.0  4.00  4.00 :   1.00  200.00   48.00   48.00
 56 : 24  192.0  4.00  4.00 :   1.00  200.00   48.00   48.00
 57 : 22  198.0  4.00  4.00 :   1.00  225.00   49.00   49.00
 58 : 22  198.0  4.00  4.00 :   1.00  225.00   49.00   49.00
 59 : 22  198.0  4.00  4.00 :   1.00  225.00   49.00   49.00
 60 : 22  198.0  4.00  5.00 :   1.00  225.00   49.00   39.00
 61 : 22  198.0  4.00  5.00 :   1.00  225.00   49.00   39.00
 62 : 22  198.0  4.00  5.00 :   1.00  225.00   49.00   39.00
 63 : 20  200.0  4.00  5.00 :   1.00  250.00   50.00   40.00
 64 : 20  200.0  4.00  5.00 :   1.00  250.00   50.00   40.00
 65 : 20  200.0  4.00  5.00 :   1.00  250.00   50.00   40.00
 66 : 20  200.0  4.00  5.00 :   1.00  250.00   50.00   40.00
 67 : 20  200.0  4.00  5.00 :   1.00  250.00   50.00   40.00
 68 : 20  200.0  4.00  5.00 :   1.00  250.00   50.00   40.00
 69 : 18  198.0  4.00  5.00 :   1.00  275.00   49.00   39.00
 70 : 18  198.0  4.00  5.00 :   1.00  275.00   49.00   39.00
 71 : 18  198.0  4.00  5.00 :   1.00  275.00   49.00   39.00
 72 : 18  198.0  4.00  6.00 :   1.00  275.00   49.00   33.00
 73 : 18  198.0  4.00  6.00 :   1.00  275.00   49.00   33.00
 74 : 18  198.0  4.00  6.00 :   1.00  275.00   49.00   33.00
 75 : 16  192.0  4.00  6.00 :   1.00  300.00   48.00   32.00
 76 : 16  192.0  4.00  6.00 :   1.00  300.00   48.00   32.00
 77 : 16  192.0  4.00  6.00 :   1.00  300.00   48.00   32.00
 78 : 16  192.0  4.00  6.00 :   1.00  300.00   48.00   32.00
 79 : 16  192.0  4.00  6.00 :   1.00  300.00   48.00   32.00
 80 : 16  192.0  4.00  6.00 :   1.00  300.00   48.00   32.00
 81 : 16  192.0  4.00  6.00 :   1.00  300.00   48.00   32.00
 82 : 15  195.0  4.00  6.00 :   1.00  325.00   48.00   32.00
 83 : 15  195.0  4.00  6.00 :   1.00  325.00   48.00   32.00
 84 : 15  195.0  4.00  7.00 :   1.00  325.00   48.00   27.00
 85 : 15  195.0  4.00  7.00 :   1.00  325.00   48.00   27.00
 86 : 15  195.0  4.00  7.00 :   1.00  325.00   48.00   27.00
 87 : 15  195.0  4.00  7.00 :   1.00  325.00   48.00   27.00
 88 : 14  196.0  4.00  7.00 :   1.00  350.00   49.00   28.00
 89 : 14  196.0  4.00  7.00 :   1.00  350.00   49.00   28.00
 90 : 14  196.0  4.00  7.00 :   1.00  350.00   49.00   28.00
 91 : 14  196.0  4.00  7.00 :   1.00  350.00   49.00   28.00
 92 : 14  196.0  4.00  7.00 :   1.00  350.00   49.00   28.00
 93 : 14  196.0  4.00  7.00 :   1.00  350.00   49.00   28.00
 94 : 13  195.0  4.00  7.00 :   1.00  375.00   48.00   27.00
 95 : 13  195.0  4.00  7.00 :   1.00  375.00   48.00   27.00
 96 : 13  195.0  4.00  8.00 :   1.00  375.00   48.00   24.00
 97 : 13  195.0  4.00  8.00 :   1.00  375.00   48.00   24.00
 98 : 13  195.0  4.00  8.00 :   1.00  375.00   48.00   24.00
 99 : 13  195.0  4.00  8.00 :   1.00  375.00   48.00   24.00
100 : 24  192.0  2.00  4.00 :   1.00  200.00   96.00   48.00
101 : 24  192.0  2.00  4.00 :   1.00  200.00   96.00   48.00
102 : 24  192.0  2.00  4.00 :   1.00  200.00   96.00   48.00
103 : 24  192.0  2.00  4.00 :   1.00  200.00   96.00   48.00
104 : 24  192.0  2.00  4.00 :   1.00  200.00   96.00   48.00
105 : 24  192.0  2.00  4.00 :   1.00  200.00   96.00   48.00
106 : 24  192.0  2.00  4.00 :   1.00  200.00   96.00   48.00
107 : 24  192.0  2.00  4.00 :   1.00  200.00   96.00   48.00
108 : 24  192.0  2.00  4.00 :   1.00  200.00   96.00   48.00
109 : 24  192.0  2.00  4.00 :   1.00  200.00   96.00   48.00
110 : 24  192.0  2.00  4.00 :   1.00  200.00   96.00   48.00
111 : 24  192.0  2.00  4.00 :   1.00  200.00   96.00   48.00
112 : 24  192.0  2.00  4.00 :   1.00  200.00   96.00   48.00
113 : 22  198.0  2.00  4.00 :   1.00  225.00   99.00   49.00
114 : 22  198.0  2.00  4.00 :   1.00  225.00   99.00   49.00
115 : 22  198.0  2.00  4.00 :   1.00  225.00   99.00   49.00
116 : 22  198.0  2.00  4.00 :   1.00  225.00   99.00   49.00
117 : 22  198.0  2.00  4.00 :   1.00  225.00   99.00   49.00
118 : 22  198.0  2.00  4.00 :   1.00  225.00   99.00   49.00
119 : 22  198.0  2.00  4.00 :   1.00  225.00   99.00   49.00
120 : 22  198.0  2.00  5.00 :   1.00  225.00   99.00   39.00
121 : 22  198.0  2.00  5.00 :   1.00  225.00   99.00   39.00
122 : 22  198.0  2.00  5.00 :   1.00  225.00   99.00   39.00
123 : 22  198.0  2.00  5.00 :   1.00  225.00   99.00   39.00
124 : 22  198.0  2.00  5.00 :   1.00  225.00   99.00   39.00
125 : 20  200.0  2.00  5.00 :   1.00  250.00  100.00   40.00
126 : 20  200.0  2.00  5.00 :   1.00  250.00  100.00   40.00
127 : 20  200.0  2.00  5.00 :   1.00  250.00  100.00   40.00
128 : 20  200.0  2.00  5.00 :   1.00  250.00  100.00   40.00
129 : 20  200.0  2.00  5.00 :   1.00  250.00  100.00   40.00
130 : 20  200.0  2.00  5.00 :   1.00  250.00  100.00   40.00
131 : 20  200.0  2.00  5.00 :   1.00  250.00  100.00   40.00
132 : 20  200.0  2.00  5.00 :   1.00  250.00  100.00   40.00
133 : 20  200.0  2.00  5.00 :   1.00  250.00  100.00   40.00
134 : 20  200.0  2.00  5.00 :   1.00  250.00  100.00   40.00
135 : 20  200.0  2.00  5.00 :   1.00  250.00  100.00   40.00
136 : 20  200.0  2.00  5.00 :   1.00  250.00  100.00   40.00
137 : 20  200.0  2.00  5.00 :   1.00  250.00  100.00   40.00
138 : 18  198.0  2.00  5.00 :   1.00  275.00   99.00   39.00
139 : 18  198.0  2.00  5.00 :   1.00  275.00   99.00   39.00
140 : 18  198.0  2.00  5.00 :   1.00  275.00   99.00   39.00
141 : 18  198.0  2.00  5.00 :   1.00  275.00   99.00   39.00
142 : 18  198.0  2.00  5.00 :   1.00  275.00   99.00   39.00
143 : 18  198.0  2.00  5.00 :   1.00  275.00   99.00   39.00
144 : 18  198.0  2.00  6.00 :   1.00  275.00   99.00   33.00
145 : 18  198.0  2.00  6.00 :   1.00  275.00   99.00   33.00
146 : 18  198.0  2.00  6.00 :   1.00  275.00   99.00   33.00
147 : 18  198.0  2.00  6.00 :   1.00  275.00   99.00   33.00
148 : 18  198.0  2.00  6.00 :   1.00  275.00   99.00   33.00
149 : 18  198.0  2.00  6.00 :   1.00  275.00   99.00   33.00
150 : 16  192.0  2.00  6.00 :   1.00  300.00   96.00   32.00
151 : 16  192.0  2.00  6.00 :   1.00  300.00   96.00   32.00
152 : 16  192.0  2.00  6.00 :   1.00  300.00   96.00   32.00
153 : 16  192.0  2.00  6.00 :   1.00  300.00   96.00   32.00
154 : 16  192.0  2.00  6.00 :   1.00  300.00   96.00   32.00
155 : 16  192.0  2.00  6.00 :   1.00  300.00   96.00   32.00
156 : 16  192.0  2.00  6.00 :   1.00  300.00   96.00   32.00
157 : 16  192.0  2.00  6.00 :   1.00  300.00   96.00   32.00
158 : 16  192.0  2.00  6.00 :   1.00  300.00   96.00   32.00
159 : 16  192.0  2.00  6.00 :   1.00  300.00   96.00   32.00
160 : 16  192.0  2.00  6.00 :   1.00  300.00   96.00   32.00
161 : 16  192.0  2.00  6.00 :   1.00  300.00   96.00   32.00
162 : 16  192.0  2.00  6.00 :   1.00  300.00   96.00   32.00
163 : 15  195.0  2.00  6.00 :   1.00  325.00   97.00   32.00
164 : 15  195.0  2.00  6.00 :   1.00  325.00   97.00   32.00
165 : 15  195.0  2.00  6.00 :   1.00  325.00   97.00   32.00
166 : 15  195.0  2.00  6.00 :   1.00  325.00   97.00   32.00
167 : 15  195.0  2.00  6.00 :   1.00  325.00   97.00   32.00
168 : 15  195.0  2.00  7.00 :   1.00  325.00   97.00   27.00
169 : 15  195.0  2.00  7.00 :   1.00  325.00   97.00   27.00
170 : 15  195.0  2.00  7.00 :   1.00  325.00   97.00   27.00
171 : 15  195.0  2.00  7.00 :   1.00  325.00   97.00   27.00
172 : 15  195.0  2.00  7.00 :   1.00  325.00   97.00   27.00
173 : 15  195.0  2.00  7.00 :   1.00  325.00   97.00   27.00
174 : 15  195.0  2.00  7.00 :   1.00  325.00   97.00   27.00
175 : 14  196.0  2.00  7.00 :   1.00  350.00   98.00   28.00
176 : 14  196.0  2.00  7.00 :   1.00  350.00   98.00   28.00
177 : 14  196.0  2.00  7.00 :   1.00  350.00   98.00   28.00
178 : 14  196.0  2.00  7.00 :   1.00  350.00   98.00   28.00
179 : 14  196.0  2.00  7.00 :   1.00  350.00   98.00   28.00
180 : 14  196.0  2.00  7.00 :   1.00  350.00   98.00   28.00
181 : 14  196.0  2.00  7.00 :   1.00  350.00   98.00   28.00
182 : 14  196.0  2.00  7.00 :   1.00  350.00   98.00   28.00
183 : 14  196.0  2.00  7.00 :   1.00  350.00   98.00   28.00
184 : 14  196.0  2.00  7.00 :   1.00  350.00   98.00   28.00
185 : 14  196.0  2.00  7.00 :   1.00  350.00   98.00   28.00
186 : 14  196.0  2.00  7.00 :   1.00  350.00   98.00   28.00
187 : 14  196.0  2.00  7.00 :   1.00  350.00   98.00   28.00
188 : 13  195.0  2.00  7.00 :   1.00  375.00   97.00   27.00
189 : 13  195.0  2.00  7.00 :   1.00  375.00   97.00   27.00
190 : 13  195.0  2.00  7.00 :   1.00  375.00   97.00   27.00
191 : 13  195.0  2.00  7.00 :   1.00  375.00   97.00   27.00
192 : 13  195.0  2.00  8.00 :   1.00  375.00   97.00   24.00
193 : 13  195.0  2.00  8.00 :   1.00  375.00   97.00   24.00
194 : 13  195.0  2.00  8.00 :   1.00  375.00   97.00   24.00
195 : 13  195.0  2.00  8.00 :   1.00  375.00   97.00   24.00
196 : 13  195.0  2.00  8.00 :   1.00  375.00   97.00   24.00
197 : 13  195.0  2.00  8.00 :   1.00  375.00   97.00   24.00
198 : 13  195.0  2.00  8.00 :   1.00  375.00   97.00   24.00
199 : 13  195.0  2.00  8.00 :   1.00  375.00   97.00   24.00
200 : 13  208.0  2.00  8.00 :   1.00  400.00  104.00   26.00
201 : 13  208.0  2.00  8.00 :   1.00  400.00  104.00   26.00
202 : 13  208.0  2.00  8.00 :   1.00  400.00  104.00   26.00
203 : 13  208.0  2.00  8.00 :   1.00  400.00  104.00   26.00
204 : 13  208.0  2.00  8.00 :   1.00  400.00  104.00   26.00
205 : 13  208.0  2.00  8.00 :   1.00  400.00  104.00   26.00
206 : 13  208.0  2.00  8.00 :   1.00  400.00  104.00   26.00
207 : 13  208.0  2.00  8.00 :   1.00  400.00  104.00   26.00
208 : 13  208.0  2.00  8.00 :   1.00  400.00  104.00   26.00
209 : 13  208.0  2.00  8.00 :   1.00  400.00  104.00   26.00
210 : 13  208.0  2.00  8.00 :   1.00  400.00  104.00   26.00
211 : 13  208.0  2.00  8.00 :   1.00  400.00  104.00   26.00
212 : 13  208.0  2.00  8.00 :   1.00  400.00  104.00   26.00
213 : 13  221.0  2.00  8.00 :   1.00  425.00  110.00   27.00
214 : 13  221.0  2.00  8.00 :   1.00  425.00  110.00   27.00
215 : 13  221.0  2.00  8.00 :   1.00  425.00  110.00   27.00
216 : 13  221.0  2.00  9.00 :   1.00  425.00  110.00   24.00
found 192 valid configurations
